2.074829432103139	-0.004718826687912382	-0.004612884650425722	-0.008223514504184426	0.007880443981420212	-0.012218973292059778	0.009054560803432239	-0.05052085428148624	-0.006432101060130242	-0.017655252831111877	-0.002680088370562457	0.02081574533678053	0.034472487100528165	-0.00727365043649846	0.004570323625680783	0.024207275750479162	0.06540535933060192	-0.022556088625784898	-0.024717913295415023	-0.0068820503428227734	-0.03180297632937894	-0.011932901199539152	-0.010418162007848309	-0.01566019740554227	-0.025406316735756447	-0.006339740267286786	-0.006644864643198098	-0.0014990952276169455	0.058485149891402834	0.022513957261836547	0.0013275245402656593	-0.0029318744592863933	0.009869008831016903	0.014740495343699353	0.010311434781161423	-0.019139040107175737	-0.004010165626165777	0.006388366859194128	0.0025436500874949533	0.09369066274697602	-0.0038724278550067775	-0.00016152503550523548	0.020869634241933215	0.02293403396186772	-0.0006765512402841352	-0.007214621901191163	-0.009330902928005787	0.08555282905721016	-0.021395699956727656	0.014316960835311894	-0.0021639473942529678	-0.012286310472892333	-0.0017915869750691701	0.003596015809763639	0.04207760063592096	-0.0164390953113039	0.005728396036559881	-0.025197495258403202	-0.016224989945757367	-0.008334693119591993	0.11620959972922126	-0.014003590061449937	-0.015059177120113182	-0.0263152094752227	-0.00015423765537310685	0.014188508851817794	0.020766864258184657	-0.07741231897635234	0.044804549159012164	0.018764420802460345	0.007169711730155985	0.012482870020753668	-0.01224828496691888	0.019485311644008328	-0.02360844406575631	0.009073806013915723	0.0027699461587829405	-0.009106826819546382	-0.007080852699312085	-0.03180891276000906	0.00913206388297187	0.03821940320498041	-0.003250425450089798	-0.04111418881550749	0.02856043538454884	-0.03918025836022418	-0.02038124009169965	-0.004667778364401022	0.018151297627962408	-0.018492219766318752	-0.023032275307007938	-0.019374316208353802	0.005700880761173029	-0.0026292939743581263	0.006438150763985321	-0.04863982473735443	0.004309747693268912	-0.016372118250443737	0.006784968725055292	-0.01594619163487301
-0.004718826687912382	1.4323501069079898	-0.0012928550014821595	-0.007452546798486303	-0.027967217259251536	0.0062682495601058714	0.010107277503654019	0.05808743903699602	-0.0054034357027311	-0.00432700418476968	-0.010448685691781864	0.0036697924766335576	-0.008726526061290311	0.027989097785472324	-0.008011251122884047	-0.017840609409411665	0.009653796629751465	0.00040073216139420404	0.0037316834008343006	-0.007376955111638349	0.019874359474700006	-0.015235084552288074	-0.010602767122983952	-0.012310419590718165	0.0031861206252049045	0.03243842891322984	0.0032637420542685884	0.0030082422947730137	-0.023185399964999822	-0.0007447248402939893	-0.023139724192847277	0.016923486251337095	-0.0033453805910894563	-0.014748678029822533	0.0023508292077010664	-0.008247521145062168	0.07785154777161264	-0.009572292153213346	-0.025793130263851632	0.020954776242349402	-0.015768224428937935	-0.04738498762072767	-0.013840272540682753	-0.007574801911925009	0.006137460600514487	-0.012373210808316739	0.0011238228755880168	-0.009353884553967422	0.02230885079087681	-0.016867898558323685	0.004144009080099153	0.008836433900796312	-0.031019685232227895	0.01460885409476783	-0.005418255218554865	-0.0043178802902688615	-0.017595349449105374	0.012767111406048427	-0.000377581896173408	-0.007315204811455651	-0.001962931866746549	0.0001382882560636402	-0.00658535881982365	0.0012001362006381852	0.002624720039441904	0.0073205750034781945	0.006979278005362558	-0.0013499543115681161	-0.016607040166537506	0.004555220266476948	0.00022867107369904668	-0.019665933492301866	-0.0062553990295266485	-0.004202428720094366	0.00720703257732632	-0.013312435752234076	-0.006896699872802435	0.00259545676594054	-0.002150229379907986	0.00126942870261793	0.02774096567470591	-0.06120379580512093	0.008199587905157828	-0.03517656256321339	-0.03687640369491132	0.027698963388143337	0.007910636404387507	-0.018683082492371342	-0.0036829182469671133	0.003704741130332037	-0.004573579071706718	0.016040273907947156	0.0010517740251550626	0.088912790122976	0.005632232964313009	0.019071942093621404	0.005617063442158444	9684401437236212e-20	-0.0038592868668203824	0.01270113525577877
-0.004612884650425722	-0.0012928550014821595	0.8934151651973075	0.000461225199172723	-0.0047303428285762165	-0.0028969990204259824	0.007544080121526958	0.006947239156535338	0.03241115306970903	-0.004251683311238885	0.0008853475245910773	0.018825713854439714	-0.011617185530230766	-0.012935576145901274	-0.004921429266411882	-0.00028799375390697396	-0.0003245414508658294	0.002275685338206008	0.002420541769648378	-0.000358748023907333	0.014625516786188186	0.00682042805552443	0.00043959297976971646	0.00840573716980474	-0.007102498885110014	-0.006055280739054519	-0.004824718856961812	-0.01062394323675027	0.010652000619101858	0.007889745886766301	-0.009380568911498311	0.010576789878133507	-0.005148962945345391	-0.0009531267552628072	-0.003875916661555528	0.00550567203437476	-0.005207509263103899	0.0038937241213150083	-0.008780191245513255	0.005586144328206425	-0.0005444749920521971	-0.027328829312330463	-0.024802757648487758	0.007379150004011756	-0.0020226160848185845	0.008173340498346553	-0.004075497202731509	-0.010769591330327887	-0.04125961829326795	-0.007474920315895285	0.010868918118084063	0.003924438724221934	0.006000709549780749	0.008832998312632904	-0.01515174405796911	-0.0076689646307266605	0.006690044904040217	0.004242816332902616	-0.0032626655701802356	-0.004309325243037767	0.0011822702408169259	0.007768697968470561	-0.00566942313104433	0.004797802605043537	-0.01454189212575977	0.013071757416047694	0.000554428858559161	0.015560754712434151	-0.016715603506788888	-0.0023356142394003864	0.012165751820813158	-0.007064809846767606	-0.002883873328072033	-0.03468021625874979	0.006167412722765167	0.005618905883391888	-0.004672768337228519	0.014055130005225618	-0.00026511445203920077	0.002505306602535873	-0.00426736360169472	0.010067958473440388	-0.010606945157867607	-0.021360186954715973	0.0011019448740089417	0.015400025060301022	0.004216742190167827	-0.006597157676148234	-0.011764978567417685	-0.00288378146720879	0.0026417868028719726	0.006378050093056021	-0.005750812781444938	0.014188187767707368	-0.006543294260290718	0.006699270768809895	-0.009444597111815363	-0.0034591024610498076	-0.00042210055501187626	0.0024399021924992547
-0.008223514504184426	-0.007452546798486303	0.000461225199172723	0.5344156149649382	0.002181255781276591	0.0019542526259459974	0.0006884684306854636	-0.005539431942199562	0.004618558192381607	-0.001938864301012923	-0.0011169631561504126	0.01043575307654507	-0.0003654571863442525	-0.0335568413662623	-0.0449682661198487	0.008007447315578776	-0.008114904127184162	-0.0032232935967169266	-0.007953999234475179	-0.016047297794792408	0.00411461999301851	-0.006033709812078618	-0.0016433637925338744	-0.027631484233815798	0.0012302351212808201	0.0009525696249237927	0.006141064531335308	-0.003125215857567022	-0.006450364544154223	-0.006249992723935742	0.0047557899749017755	0.00463871457716265	-0.0002740575786681792	-0.004129494722357002	0.007534096628479345	0.037469574151819764	-0.0034313700072485494	-0.0024951706007207437	0.017348274068960962	-0.0019598347002681323	-0.012051400243788986	0.015149007735018129	0.01583289173279015	0.01431321868497975	0.005095471953744199	0.0016668295332780214	0.0019553681879494987	-0.0008609238101492336	-0.006867293590742872	0.0061299722128732945	-0.011221582056116654	-0.014965570026907207	-0.0034419690326259423	0.006495471918264469	-0.0026559821196440484	-0.00524084950614853	0.012795794555284712	0.006915829580667058	0.01904589347230005	-0.0040295479409016045	0.0034836813207736106	0.0018945709349162704	0.004069596905965702	0.0009477072363840146	0.009504603700999478	-0.0038826446290300696	0.007867456611110948	-0.002160288515577381	-0.01824233935573989	0.00838712098303594	0.009434837094974197	0.011340020034358711	-0.02331929770684408	-0.008127480474759212	-0.00717246503668666	-0.011408865082725228	0.010694421072986685	0.008846323818504306	-0.006873154161218792	17258649890291067e-21	0.00022924824162817213	0.014025674375560168	-0.00010205716486495287	-0.013698971044886262	0.005607331142569143	-0.0036197635167733145	-0.003793114050737667	0.005527748174818802	-0.0008133261760773715	-0.0006897554277516409	-0.01959041153935342	0.0066416528716620755	0.010382863036761662	0.0048476971878184385	-89866093354746e-18	0.008450855925744573	0.018411040045818068	0.007136458122862384	22744468197922856e-21	0.0030264763324787084
0.007880443981420212	-0.027967217259251536	-0.0047303428285762165	0.002181255781276591	1.496565731479061	-0.003612377897522745	-0.013703090434312698	0.004636947603176134	-0.016392023877789375	-0.06023881487656703	-0.006583395843396663	-0.040133003402840345	-0.007180475130356505	0.028653841415517082	-0.014493510978523746	-873745189112496e-20	0.015641933278009734	-0.05918252911784335	-0.02289780990337069	0.020665444952425054	-0.0012772809162547064	-0.020777838694509818	-0.0014013500805232415	-0.00016225978874682978	-0.018124255065020793	0.017138391307656254	0.018799119043704213	-0.010431993804683145	-0.061570964029319365	-0.005816274112782068	0.008784731597930183	-0.006682890977425814	0.011678596699416047	-0.016637883284315865	0.011785133765937268	-0.002467045756768831	0.002247791631292672	-0.01696165625561639	-0.00012757139073978974	-0.015540339535360116	0.0057183189198817515	0.026696731804812274	0.1024423062638493	-0.006888858882951234	-0.021042548553120738	0.0002468296510525525	0.007941568959083854	-0.025495773360159322	0.005298011480535299	-0.014270635160092264	-0.00993475294246709	0.011026056932348968	-0.0023957120726401417	0.01834437414473502	-0.0019094112841857662	-0.009029892958371057	0.0038651567824144737	-0.011669091807324564	-0.009693630709304011	-0.022169280134023396	-0.006471784281088678	-0.023867238217148572	-0.009263918155157744	0.00036378107477900865	-0.02137124850687788	0.0028140531291841932	-0.006352807891364144	0.013713229701220957	-0.031174923136922432	-0.012635688651065829	0.0010094242857422364	-0.01568819457528696	-0.006433683539342	0.0028524515465756556	0.03060918247994649	0.004286991138469279	-0.0008699967008436229	-0.027471460769150198	-0.009434822107035707	-0.01066636854765052	0.0179738795657064	-0.03403903374726971	0.03723202747599141	-0.0033445989834863373	0.012790925798549782	-0.028986832296503565	0.001915944465621214	0.014237729611935708	-0.04400216644441525	-0.0005222213294084947	0.01926136680497837	0.03235910021542065	-0.010595836740414961	0.006497684685041059	0.018378494475862664	0.007054036912807605	0.0851529615390395	-0.015965317081380263	-0.009546953838711545	-0.048515680549912975
-0.012218973292059778	0.0062682495601058714	-0.0028969990204259824	0.0019542526259459974	-0.003612377897522745	0.9131473942124846	-0.009783929117596357	0.00510881873829329	0.003443636607217543	0.0024777288441946033	0.0008653016393188712	0.005280806834327894	-0.0022880390202411546	0.004798197892104221	-0.008257344763614201	-0.018291788245439915	-0.008136231296087112	0.008331935610474394	-0.007271288901338006	0.014879839274229993	-0.03798978442750296	0.002046880336222406	-0.006382689376568754	0.04110492181483964	0.00013573044265163188	-0.003231341787284524	0.006560251712096847	-0.0015385659788100408	-0.02098872072805225	-0.008261893528682479	-0.011490381529578028	0.013969310212404105	-0.007201547463520419	-0.002005176479590915	0.011996690774260852	-0.010641111804387069	-0.003993988122489193	-0.00895295077295761	-0.005302568482281564	0.0016862683668022295	-0.007429471606279327	-0.026840321279586608	0.011469336797882049	-0.005810547879247408	0.003761549569202639	-0.016739147656927085	-0.002042929197138253	-0.007218325646457141	-0.006116541376634453	-0.022815410948692157	0.002865803419939137	0.0019612405730227442	0.0049676684030212975	0.01081807833392933	-0.006119550198135391	0.006863661267322061	0.003095998227019598	0.005937456470898737	0.018040243082419808	-0.01737222024877328	-0.0023983252446684354	0.006193859492951678	-0.009307098814122533	0.003798190912351341	-0.009272848911916225	0.003456549113922093	0.008553844543077267	-0.004073020963077211	-0.00856712475891146	-0.009460196639750083	-0.007724348341421731	-0.008212239731440031	-0.020587163855891794	-0.012333742606874308	0.008763458949818365	0.004222707624075083	-0.0027025677115283084	-0.0021709438136820677	-0.0032407753107995883	-0.0021214844888151744	0.012874701685234372	-0.0009248852465888083	-0.0017239121414168038	-0.00018345573434251056	-0.026847898120810475	0.0016283859709344908	-0.0014548938137815936	0.012123428456516021	-0.002399608935352688	-0.0005113452222437276	0.010410966875320551	0.00856897487656692	-0.009525478984320643	-0.0003826374883787457	0.005908221848601974	0.009626005863686608	-0.017886634838560237	-0.016161494805169072	-0.008321910677422606	0.008506344711037754
0.009054560803432239	0.010107277503654019	0.007544080121526958	0.0006884684306854636	-0.013703090434312698	-0.009783929117596357	1.8565060776924711	-0.0008572642924304757	0.014253738435809352	0.014928460705983993	-0.013837318319408863	0.030668727916401753	-0.00916886057035898	0.05662315586270992	0.013319516908146341	-0.02918269747458677	0.025266410925962133	0.0005465346259806883	0.03596169661296628	0.002441432058716383	-0.033688534983153544	-0.00187741536832251	0.005671334199102304	0.025617756603084966	0.010586473287681097	-0.0025078074912726774	-0.005257346534735087	-0.01723518334650538	-0.022161895447756933	-0.017239192564132547	-0.015251899407575431	0.009259434109155187	-0.01603515376264245	-0.02420242206005689	0.008888305502262325	-0.0014317884960795507	-0.013866506591473192	-0.006550168608282539	-0.015892373226038085	0.0014777335257732242	-0.003431753025874273	-0.017545356033753904	-0.008968209746786209	-0.007368640694482438	0.012155893357374506	-0.013438387204275874	-0.018077313049943606	0.02688353820305844	-0.023302575667917817	-0.0024708315584847517	0.017734421060954977	0.004704361744984641	-0.0009290015877848822	-0.01522875040919219	-0.004453072337500971	-0.015534797483705245	0.013047390881442765	-0.011879785839925171	-0.004322610497319683	0.008369879350173321	-0.009431674885425382	0.019808977904256616	-0.004856230544351656	0.012433950961388116	0.003049081455434769	0.02201156914843099	-0.0033333491342531513	0.006810753689040783	0.0009201217539558007	-0.017856613751372843	-0.02528189228670929	-0.004714778851598488	-0.0031088009480202726	0.04926216300036527	-0.025907091645430848	0.0008927319430904291	-0.007139244419109372	0.027466454566425942	-0.009724529368320273	-0.0031367870197758206	0.01454251685167971	-0.00033360614838355985	0.0016761401402005465	-0.02215402034432954	-0.030709289590594963	-0.043142559390901565	-0.00679493470700121	-0.011051081939645598	0.05493244925117439	-0.011478638839276994	0.007623325800761305	-0.03469911330553084	-0.012780973014732118	-0.008762410373723228	-0.010634000978185346	0.006351363367011585	-0.14555910602929042	0.0073569670694322055	0.009685512507141478	0.011425247098262146
-0.05052085428148624	0.05808743903699602	0.006947239156535338	-0.005539431942199562	0.004636947603176134	0.00510881873829329	-0.0008572642924304757	1.5713331570914952	0.010421980370609958	0.10040968408131812	0.0013034470783852212	0.004545788360976214	-0.03280937449453461	0.01893285060981461	0.0033161546037634945	-0.06718391647518454	0.013872018632335894	-0.02112576794473034	0.00479350992884855	-0.01879443865833567	-0.004833377764755511	0.10515793358213815	-0.0033438091594442925	-0.018284941527747962	-0.004939024292039787	0.013683682258208563	0.0044547231992343355	-0.01118058215838143	-0.032358213114404503	0.03418420799268464	0.0028597861668008466	-0.009190231074802597	-0.01322944667311172	0.00930883762834486	-0.002608069322751472	0.033686678620545446	0.05839234181108688	-0.028687964655861785	-0.0016747153219194698	-0.006563170263854026	-0.017585857190958513	-0.07488006162031839	-0.0025018306746269147	-0.011752409530480658	0.021696828828918893	0.011396365101713924	0.004260964756977365	-0.030622653785526373	0.009433827811242409	-0.008901006961881106	0.019363003595790268	-0.001708615863468022	-0.001355127364581218	-0.024895720201938084	0.00023558063868271096	-0.004764709773380517	0.012531944073547957	0.00888663786105477	0.02428983025837358	0.0014275529943956256	-0.07354624578574469	0.016277863446302922	0.018307593264535557	0.0068641585936926475	-0.011244942292325165	0.008931091606110171	-0.00657028502337435	0.003937141258876397	-0.026020568079707828	0.012092103550407858	-0.016302381147953442	0.0022376790552445834	0.020700369323785543	-0.044015782663908376	0.020265148504270015	-0.013715388820181943	0.0028134272651229547	0.010769756831288434	-0.015852880209428117	-0.010892026752439507	0.004889176256975024	-0.006384997860587372	0.05396274798768814	-0.04158242237527004	0.007434568205820473	0.038089639303320856	0.01867368368749898	0.004752385551332356	0.006835895028568205	-0.0036154899259227607	0.030955076048433814	0.029592980601756653	0.018627089000758098	0.0719161202484363	-0.010464722796318679	0.007383936004086588	0.00815991274839784	-0.0067029688392193755	-0.00713718382112455	0.018746931945776212
-0.006432101060130242	-0.0054034357027311	0.03241115306970903	0.004618558192381607	-0.016392023877789375	0.003443636607217543	0.014253738435809352	0.010421980370609958	1.1836680951272407	-0.004122376039604607	-0.0031206879412279255	-0.001553820489389971	-0.0014394577746384084	91258500766658e-18	0.005639098513802127	-0.016363639371290446	0.010118069601215087	0.04074918580091784	-0.001183729569686007	-0.0033767414911188066	0.01857945482866734	-0.006590025771457048	-9767471642188148e-20	0.032276630636435925	-0.008977517384506644	0.014040123062862085	0.00010924013173097386	-0.01265462827797098	-0.006290820294196792	0.01384162959392968	-0.006557599443430104	0.02348370712915933	-0.001933294496689407	-0.02444713184829949	0.013080311022621431	-0.008884899409148099	-0.0018047632231953496	-0.007749824309466375	-0.01465807840569506	-0.006408621832228027	0.011785650901054007	-0.009497563489224821	-0.022650205940453135	0.0025978871624639114	0.012225719462606578	0.03531553211073196	-0.005721668254343709	-0.04057713116977355	0.01107103698670774	-0.0018378253384424554	0.007025406010230192	-0.00143667959765947	-0.00032956966200972513	0.004437562389737995	-0.012537185281685523	-0.008053615759860994	-0.0013372617117814248	0.020027984090605733	0.01403263508819708	-0.0005904152708206154	0.0004374140461966302	0.01390314074044907	-0.010322002795625599	-0.008221323189393623	0.020007546194645065	0.013317405425296679	0.0049340652831933686	0.013106227660370054	-0.016156759544984942	-0.0032771489152822954	-0.012941315440747449	0.0014849441936480767	-0.008176743825347318	-0.03392429735835693	-0.007814019612043267	0.0029389900647137147	-0.011739403058682816	0.014966075245172246	0.005548803978692153	-0.001588974135194413	-0.0032759001461381094	0.023278030945342216	0.0021867796309910322	-0.025856971065874906	-0.0050220829934574515	0.015681924559201036	0.0011931200596177725	-0.01582118641280996	-0.001149246228520952	0.006318195559975159	-0.0024041909784966414	0.006027880761518214	-0.005581867759036147	-0.003619880454427909	-0.0037553160665332094	0.03639532481442286	-0.04353765708236101	0.002146972657648434	-0.01882111434305576	-0.004659447262933311
-0.017655252831111877	-0.00432700418476968	-0.004251683311238885	-0.001938864301012923	-0.06023881487656703	0.0024777288441946033	0.014928460705983993	0.10040968408131812	-0.004122376039604607	0.9167938807802218	0.015697385183141933	0.0063061658090503795	0.002495837408955495	-0.01752789622567333	0.0035435513432498134	0.008786125329540753	-0.0663957453348337	0.0025805175329042264	0.02745017836902551	-0.02790328222553601	0.026614084016283953	0.5681252982262389	0.011501753409547818	-0.004008877015448122	0.01484869443715657	-0.02750517054739425	-0.0037052920441506335	-0.005813965632027626	0.027025537875892083	-0.00011067623873983707	0.01854375844893442	-0.009799746808444115	0.0062227643254510285	0.0002576136692013315	-0.015868946509932574	-0.0032625310580699854	0.010370768871910551	0.009741061559535389	-0.04195857735303013	-0.0001125704721630344	0.001018856306425973	-0.035341528716767684	-0.03631258267543781	0.0044164393086757086	0.008923834195594059	0.05682183913322142	-0.03371604272925605	-0.0020585669541026996	0.0055202200997693995	0.022499846691972233	0.0011538932140022925	0.004822725863248071	0.00046814875975715274	-0.009824939944872895	0.0010380129156288718	0.0005891478559283051	-0.01043987909664264	0.000935850997084938	-0.030779134034338462	0.01945199424249728	-0.015571068381559238	0.007691956977576284	0.24717426239983473	-0.029638486354807266	-0.034280396684022184	-0.01651459829448025	0.0039583327657171305	-0.004471920107500783	0.027292398364884077	0.004850631062699808	-0.022647938305206894	-0.0005757600845159327	0.03623758586350554	-0.04426182941950476	-0.0078049291644185755	-0.009479958061527356	0.00793703021728939	-0.004981062663910957	0.009552621636200184	-0.007449313477789697	-0.00997274019637718	0.0005649196196402882	-0.009902461922329598	0.022486755843482146	0.0017873756389170758	0.016304595503247338	-0.004282604029954068	-0.038701240495297225	-0.0007817138399386259	0.010312237054957102	0.003371481790813056	-0.0001500248207067455	0.00046983484954826743	0.019958080574818796	-0.00019602199121922286	-0.06382721695213733	-0.08073617429116167	0.002795711895102385	0.0012963268651019978	0.03591659987004608
-0.002680088370562457	-0.010448685691781864	0.0008853475245910773	-0.0011169631561504126	-0.006583395843396663	0.0008653016393188712	-0.013837318319408863	0.0013034470783852212	-0.0031206879412279255	0.015697385183141933	0.7787130853959287	0.0011879471375338191	0.012933491604194193	-0.026152614444210763	-0.0037371619534077626	0.04416545729268009	-0.029547792939488025	-0.011182378867287327	-0.0012264002956506625	-0.024097835343342946	0.044185127759822765	0.016710407812005435	0.013916945305137785	-0.011049069995763222	0.011838080508149064	0.005298648192034174	0.0025220437340097127	0.0324200638480427	-0.0013031485635947788	0.0145979342784804	0.0073092798425825	-0.00465792390647027	0.007000118101700155	0.029353303856173563	-0.03687210794030283	-0.011259285293991051	-0.015841367069989107	0.005426645635930498	0.017465152586500818	-0.05211294077539083	-0.012779419364766481	0.027772295249715927	-0.061448413757402114	0.012462929319470338	-0.0072115882830181745	0.01145638541035628	-0.022904547040548916	0.006673451606976035	0.0019360180850763156	0.05514177620906165	-0.012976123903546653	-0.00954566664484462	-0.004528867712649818	-0.04292658537877582	-8666961108199658e-20	0.00904609754124838	-0.008437736684705075	0.0011012216086895886	0.0002633254286667685	0.021377439760141313	0.012415048024243652	-0.01399058239165927	0.017803892739902634	0.0006548152127597484	0.0027218446651458062	-0.005797920680262459	0.015974139645177573	0.0016827201450916878	0.003914109342381012	0.008246665306616038	0.03592847575324194	0.01660314368654921	0.08715602320319162	-0.008180622557903772	-0.029512562974990605	0.010157956423717874	0.0007200343597369905	-0.03834936923022702	-0.022691762028399592	0.013996082691151475	-0.007309556486344121	0.0752798112605782	-0.002633863930536087	0.005401316797038011	0.09033178468071261	0.0016414509849442408	-0.0024319798738764126	0.003977775101838742	-0.011715614464496715	0.017963978850079904	-0.01885529135790601	-0.0015885097631517776	0.011830435138713138	-0.017650160754369232	-0.018958729408508988	-0.016671938554377937	-0.004502008483133931	0.010670188814984518	-0.009631009328216868	0.006173532913574256
0.02081574533678053	0.0036697924766335576	0.018825713854439714	0.01043575307654507	-0.040133003402840345	0.005280806834327894	0.030668727916401753	0.004545788360976214	-0.001553820489389971	0.0063061658090503795	0.0011879471375338191	1.8470586682891532	0.0044271025718593555	-0.04851475822331989	-0.009286239204293455	-0.011345101869256793	0.007390090537272798	0.02012660859921192	0.004984514761454009	-0.01815322669545107	-0.027216453793662585	0.00012387005098066873	-0.012363631272086275	0.013576096502160967	-0.00437057993693597	0.01348840833703052	-0.023153047403318118	-0.024653208399929724	-0.005678523105448996	0.018756525125547648	-0.0035939197376505657	0.002416281814639002	-0.00803700534486118	-0.009914834848985579	-0.03098599357047005	0.011779320294394366	0.012912416932968249	0.005753373339913741	-0.0005882001208800452	-0.007877732259065521	-0.002550483155229513	-0.051034667470825266	-0.048742328294959295	-0.027318627800459544	0.01205647919278529	0.00043594207203652267	-0.019302817191261864	-0.00047625107073832103	-0.0022435656446482505	-0.005563077065329049	-0.008858362203630158	-0.0022855375311926595	0.0009202857880903215	0.00028294293801315863	-0.027345920631470785	-0.00776664362815996	0.04715182673612595	0.016867294810951724	0.034138024683329424	0.00040052022763956694	0.009054410806713901	0.024985668798422598	-0.0034544929378800865	-0.014772204695965383	0.018037436109814002	0.009218287042417799	0.03147439149023374	0.015630213158878224	-0.00916443075460977	0.006259471403688483	-0.004802628140963904	-0.00550448762152061	-0.020250541699060428	-0.02037227874101032	-4823400438748277e-20	0.008440273289872754	0.0013721116527526276	0.014114509698794447	-0.02440664122479862	0.01983573449805047	-0.10181235761453923	0.024533686927485008	-0.007140343515141889	-0.0581793341131156	0.020110665428908926	0.008920899505306201	0.003841324656858308	-0.019351034097294818	0.016787385469008303	0.010538615552403107	-0.06990534278905351	-0.005586694912373374	0.005139354497096557	0.003459574701477009	0.0038596702434158963	0.021212637214983118	-0.021588632493955293	0.0010908037012682414	-0.02236901160246888	0.0002796223869501922
0.034472487100528165	-0.008726526061290311	-0.011617185530230766	-0.0003654571863442525	-0.007180475130356505	-0.0022880390202411546	-0.00916886057035898	-0.03280937449453461	-0.0014394577746384084	0.002495837408955495	0.012933491604194193	0.0044271025718593555	0.8468370637245277	0.02135395941679291	-0.018205203848080668	0.04453967925530638	-0.02264389476691465	-0.01080691464004274	0.023626439868073165	-0.02591960621193668	-0.003216694215341282	0.013337536227595771	0.013120830325495643	0.005605059624359002	-0.004398836375204869	0.0018374592085073735	0.0050874773107888295	0.03536014452268443	0.09607825554787625	-0.0036042725480190056	-0.006269248132246704	-0.024966952067964246	0.002294566890487718	0.007418770767842672	-0.01547215418346431	-0.014897875222223652	0.003562348926510399	0.011404517888722859	0.009974924302943207	-0.0077305894458309585	-0.02088506117280909	0.0012095951151594598	-0.01910277468722458	0.020609265641720775	-0.008054845114539414	0.012203395161465257	-0.005707978858273309	0.01960563514290935	0.008947700076602885	0.028934757929073775	-0.008546020482643597	-0.014799631273588293	-0.0040972739796503715	-0.01559212412538158	0.012382532870597991	4232245337308316e-21	0.0032635995223130676	-0.0165889964041953	-0.010210578505611256	0.00046182115339322207	0.025781717485188847	-0.037443163908558015	0.051759374121047655	-0.013662609259778006	0.025130147819885148	-0.028466431528023688	0.009293879222753198	-0.012416162986797121	0.028164047760404383	-0.008819160565894353	0.0010570778612264877	0.016260342848629813	0.009516277394668097	-0.0056658396326732885	-0.019956212267592352	-0.0019667478525421896	0.003090304519354875	-0.007969863878169317	0.006254514463177213	0.00510738107841111	-0.007494423631056059	0.017334642095080822	-0.007888516941753408	0.013932115678222248	0.009097781082272143	-0.0017447019090988684	-0.01572048041255239	-0.0021738918259600042	-0.005037258257769711	0.011334740001269905	-0.017015083815467257	-0.013620624390265821	0.011213315982447507	-0.008390780193949286	0.0007632931903784334	-0.016614726106702452	-0.013451214793926055	0.0013758944706630703	0.0047930294209485025	-0.01206229641303248
-0.00727365043649846	0.027989097785472324	-0.012935576145901274	-0.0335568413662623	0.028653841415517082	0.004798197892104221	0.05662315586270992	0.01893285060981461	91258500766658e-18	-0.01752789622567333	-0.026152614444210763	-0.04851475822331989	0.02135395941679291	3.6698223682285733	0.04559954015328545	-0.002045499759634457	0.008851616251716737	-0.013728326605472864	0.010263142882542268	-0.12420072812356298	-0.001051787814268445	-0.018896206807873968	0.12823397339207127	0.031240177118169166	0.07203990669496131	-0.016714053130383478	0.021044248074509615	0.08436437731509859	-0.03202957827224374	-0.008642073179562896	-0.01204752148989104	-0.039595055511543076	0.014836429629195111	0.0001780524625742051	-0.023033265882578535	-0.04641763661836076	0.01040606114008515	-0.014312211725621254	-0.006574485331705113	0.002025076246407876	0.01037266402263865	0.02700482300933309	-0.0319105411521708	0.0031330735488178784	-0.019573977393692488	-0.0025021790244048655	-0.008397274740452926	-0.02467269411542885	0.0132454661661192	0.0009933614165509711	-0.02525838918093276	0.025462197791134615	-0.008855245401284417	-0.01761952817286341	-0.009297973446850157	-0.014649927994948133	-0.01286134813234658	-0.006299728031857202	-0.028473171032626567	0.01220431027039466	0.01303198329445633	0.008496328817689499	-0.027962821413190286	-0.025006693503903443	-0.0068683033411105635	-0.016241070021123665	-0.00784821262663243	0.0322029126940097	-0.011177202602354764	-0.05645841504154687	-0.010609915095863525	-0.003964761813811589	0.01639154708825884	-0.003107204087007053	0.002614638507407171	-0.00042049579644785125	-0.01895074013718568	0.002093982927582361	0.012214063072010648	0.019567338301233632	0.007917644912169243	0.005643367219110527	-0.0005726370124973482	0.011691417618890296	-0.016621594709459835	-0.028096726242969224	-0.0034603269257243757	-0.03816453968063858	0.008279925784052337	0.015691230519473104	0.10256612681238962	-0.013903961482643107	-0.003732056828933317	0.020971419458084516	-0.004808414934317848	0.013556537626369727	-0.004917840642102607	0.007045333559286512	0.012976286556542128	0.021050703262674907
0.004570323625680783	-0.008011251122884047	-0.004921429266411882	-0.0449682661198487	-0.014493510978523746	-0.008257344763614201	0.013319516908146341	0.0033161546037634945	0.005639098513802127	0.0035435513432498134	-0.0037371619534077626	-0.009286239204293455	-0.018205203848080668	0.04559954015328545	1.2317311990437279	0.006807352767657021	-0.03764301861162295	-0.00885956308460708	0.04779975414420848	-0.012997240332824848	0.03306428011390109	-0.002927998407194539	0.015298050072490797	0.02557464533716019	0.030086929595718327	-0.011756644417963017	0.02073421846967357	-0.029882407810529688	0.004624693988683084	-0.0077659471614361505	-0.008141986840769746	0.03963647980050848	0.00420752413500332	0.005565200939596235	-0.021616046638900755	-0.1317956943369879	-0.004455378473970935	0.016521309924590846	0.005382355088804955	0.003511661025849838	0.04140881415709422	-0.008247229552034668	-0.022611430360178344	0.0302616103408521	-0.01752153452056602	0.019199238920661416	-0.034631022046090566	0.032081750004217556	0.017705329211190633	-0.0004842702043536833	0.03334270844853657	0.02864129145436054	0.008404701414838168	-0.06404696830722954	-0.011982433479777623	0.005401624580406726	-0.09201400680820158	-0.011183594537491534	-0.03565403979162194	0.017647982766384084	-0.005201583075129605	-0.008264596330560162	0.026757107561709268	-0.006378654574623779	-0.002714769708526372	-0.02973534341163292	-0.025522420991532638	-0.010503080340612786	0.04392612363165992	0.006487628400654065	-0.006200754696976406	-0.02214441062985898	0.09483368435991008	0.03710691436054771	-0.005619089571233684	-0.008255875322898194	0.0139902270803272	-0.025593314278394414	0.04148028730578903	-0.0077529447241135585	-0.02674663780782108	0.018158127016490114	-0.0029554736425684808	0.018224787784285542	0.003005275021433482	-0.04292380562633848	-0.02191659467733312	-0.01945839332457822	-0.0016623602739094174	0.0017230809246253506	0.06067300215410444	0.015388134659381292	0.0025907948668812395	-0.031526070004553396	0.01765986297334806	0.027498378717933564	-0.018324326753849193	-0.009109082677257518	0.013072373448752271	0.009479333509800104
0.024207275750479162	-0.017840609409411665	-0.00028799375390697396	0.008007447315578776	-873745189112496e-20	-0.018291788245439915	-0.02918269747458677	-0.06718391647518454	-0.016363639371290446	0.008786125329540753	0.04416545729268009	-0.011345101869256793	0.04453967925530638	-0.002045499759634457	0.006807352767657021	1.055335837694918	-0.017394259823069337	-0.016837448620193703	-0.018126542288691257	-0.02381507627873587	1.2522554950133788	0.0016149543763923756	0.022757992726085	-0.014049051122143998	0.017711762429915297	-0.011281029199474477	0.016740216829075585	0.0074485634850549294	0.04260094693430323	-0.0016515932518367663	-0.020793088850536063	-0.005447504295424618	0.022169553658896404	0.033035015252596445	-0.047346189645403276	-0.004585599498063654	-0.02173492856218282	0.017096862863571805	0.040036041342365936	-0.007716648301600565	0.014814366468946068	0.041011291398659985	-0.009372371868038958	0.019157165099147205	-0.029224568554519548	0.0037954645832835167	-0.010108565010051012	0.011673487856172936	0.010400766229647744	0.03599921339126432	-0.011318415324174779	0.011886361944625062	0.001656216776969141	-0.03765149940854759	-0.0014690783003656123	0.00835427905118746	-0.04979731911513295	-0.006960424521507699	-0.03706034475151684	0.00012525486503918185	0.039142815836049887	-0.031009936910569542	0.021097995980162865	-0.002951058514908486	-0.0017755194958175365	-0.021489310579975534	0.0022099561729606635	0.03212192412556894	0.08244050217971212	0.00515699071156106	-0.0010428331741447181	0.021924049482852787	0.0074474347053832095	-0.009224812384141325	-0.009242371467329714	-0.007812973423860331	0.006615886469113394	-0.019218687918766034	0.0017208522772943402	0.01506970027084933	-0.02728355719633475	0.00797627260279547	-0.021730386029903966	0.015610946589192444	0.1543924465896662	-0.037826551223869236	-0.0012061053172006408	-0.03539624201097948	-0.013490024837389746	0.012271558167962047	0.01335858647157785	-0.03584901185475519	0.007552267131455919	-0.0026119164727982517	0.002062827747986547	-0.05008777227616817	-0.009828960266516175	0.0040104917361665	0.01437676568860437	-0.0017714334849895754
0.06540535933060192	0.009653796629751465	-0.0003245414508658294	-0.008114904127184162	0.015641933278009734	-0.008136231296087112	0.025266410925962133	0.013872018632335894	0.010118069601215087	-0.0663957453348337	-0.029547792939488025	0.007390090537272798	-0.02264389476691465	0.008851616251716737	-0.03764301861162295	-0.017394259823069337	1.974827541265563	-0.010154072634790557	0.0005346843921537145	0.024508915021073777	-0.04989618774897262	-0.06181574726433654	-0.016321125232363357	0.003591182991295966	-0.02045966333328756	0.009724138165710541	0.0009909310104523718	-0.04059238734723393	0.00791620509506022	0.0346132785356984	-0.009668332998628217	-0.004763973224718119	-0.022697430991379924	-0.022793142180044364	0.0031534761996212385	0.0029618093740901514	0.0043521296409434465	0.0009103471694097218	-0.013731729831590081	0.014461515893688808	0.037917644494234355	-0.039986140988115745	0.043464231042134836	-0.01850469573956055	0.06000990718339481	-0.021982780338320185	-0.011640167639046193	0.013685161799481356	0.0022880662813910204	9218650643994672e-20	-0.030325051920230016	-0.011652883395357123	-0.0009461992506809663	0.021418882637491317	0.019648333757544097	-0.008445200188833511	0.008778345454118047	0.008154175908371098	0.0281650886494128	-0.03354516094515205	-0.0011383550578563315	0.04880021857723729	-0.021573962147442477	0.005451365414107429	0.013129142090511836	0.1118359955270941	0.007804039220670188	-0.017409866804481693	-0.043122499590166244	-0.006957067274748428	-0.0049173099043459765	-0.01418717911495521	-0.0331024986147329	0.0444085067349527	-0.004135822035147789	-0.010775523653289272	-0.009426206755459672	0.022495314546864684	-0.021305969209812425	-0.013622564354041787	0.012655891201372378	-0.012726869391151993	-0.010696927887562076	-0.02539917541308196	-0.020583704608963575	-0.031500639640283434	0.0010553318423982005	0.008864352023032316	0.01567195586021945	-0.027652564070267362	-0.003057259646310722	0.000979213724344761	-0.025545026830629574	-0.02771462371049808	-0.02030558293680951	0.018360417370103438	-0.011279161785403892	-0.0051841303585165545	-0.0016258833606186689	0.019472307187457315
-0.022556088625784898	0.00040073216139420404	0.002275685338206008	-0.0032232935967169266	-0.05918252911784335	0.008331935610474394	0.0005465346259806883	-0.02112576794473034	0.04074918580091784	0.0025805175329042264	-0.011182378867287327	0.02012660859921192	-0.01080691464004274	-0.013728326605472864	-0.00885956308460708	-0.016837448620193703	-0.010154072634790557	1.6359722562258403	0.004307285516362247	-0.01423171472430574	-0.02804789640256862	0.004219125205170902	-0.0024171092765685872	0.0369510002869796	0.003448449667555741	0.015669266372559783	-0.000405159314144324	-0.0015341266573828689	0.004509255396837257	0.0023058530566480405	-0.0022131445255003184	0.002097636529901903	-0.01519254395789842	-0.014891586427667615	-0.0020003462840379	0.004683363716209985	0.006936714015269384	-0.00933582323598366	0.013049794166123473	0.011481567191708605	0.008978696910645302	0.0018743242857756648	-0.019180147093532725	0.027061041578530565	0.021844322675449654	0.00027713504258580643	-0.01126003687361627	0.013404050108249835	0.01001653025677247	0.010252167195484834	0.0011733014206067153	-0.0007639779644779951	0.04338801729697571	-0.007010192054134482	0.00958942761111628	-0.010132035638633512	0.016243834889394616	0.0451848250600719	0.07132641274966177	0.012955877820221767	0.005140593228565719	-0.0025681659313662813	-0.011323416102537452	-0.01540412998836292	0.02529002184094578	0.057829173846306564	-0.000741688241655248	-0.01176831512747625	-0.013263938395735038	-0.023137403136824542	-0.004134497706967305	-0.00940141872345156	-0.006463765869870573	-0.02089352326014356	-0.03421972128312462	0.0035872844438866983	-0.003756191427478771	-0.0015964982731305798	-0.0025712279723498605	0.057333753848691056	0.012355445681792988	0.0009212534497865918	-0.018481164600957355	-0.0034180206137840946	-0.0008881388493883173	0.023268593365804075	0.00842109289212103	-0.011781906341306735	0.005506342121835529	0.006031665690331825	-0.016786477142727095	-0.0061364116197525215	0.027903782210248234	-0.006648873492043638	-0.010000601844615577	0.026222548260128743	0.020835457957094	-0.0317269940048555	0.0017024286091164916	-0.010614401590445622
